date,valeur
2021-08-23,1.169755
2021-08-24,1.174453
2021-08-25,1.175309
2021-08-26,1.17744
2021-08-27,1.175641
2021-08-30,1.179901
2021-08-31,1.17969
2021-09-01,1.181028
2021-09-02,1.184091
2021-09-03,1.187648
2021-09-06,1.188594
2021-09-07,1.187507
2021-09-08,1.184357
2021-09-09,1.18191
2021-09-10,1.182592
2021-09-13,1.181195
2021-09-14,1.181195
2021-09-15,1.180498
2021-09-16,1.182
2021-09-17,1.176747
2021-09-20,1.172993
2021-09-21,1.17302
2021-09-22,1.172292
2021-09-23,1.16877
2021-09-24,1.174026
2021-09-27,1.172305
2021-09-28,1.16968
2021-09-29,1.168634
2021-09-30,1.16016
2021-10-01,1.157448
2021-10-04,1.160726
2021-10-05,1.161845
2021-10-06,1.159608
2021-10-07,1.155535
2021-10-08,1.155976
2021-10-11,1.156604
2021-10-12,1.155375
2021-10-13,1.153403
2021-10-14,1.159958
2021-10-15,1.159152
2021-10-18,1.159703
2021-10-19,1.161386
2021-10-20,1.163196
2021-10-21,1.165501
2021-10-22,1.162534
2021-10-25,1.164009
2021-10-26,1.16117
2021-10-27,1.159824
2021-10-28,1.160012
2021-10-29,1.168361
2021-11-01,1.155668
2021-11-02,1.159958
2021-11-03,1.157943
2021-11-04,1.161575
2021-11-05,1.155535
2021-11-08,1.156885
2021-11-09,1.159152
2021-11-10,1.159555
2021-11-11,1.148594
2021-11-12,1.145082
2021-11-15,1.144165
2021-11-16,1.136648
2021-11-17,1.132118
2021-11-18,1.132118
2021-11-19,1.136842
2021-11-22,1.127574
2021-11-23,1.124215
2021-11-24,1.124493
2021-11-25,1.120298
2021-11-26,1.120963
2021-11-29,1.129318
2021-11-30,1.129344
2021-12-01,1.133029
2021-12-02,1.131952
2021-12-03,1.130621
2021-12-06,1.13048
2021-12-07,1.128668
2021-12-08,1.12765
2021-12-09,1.134559
2021-12-10,1.129331
2021-12-13,1.131183
2021-12-14,1.128541
2021-12-15,1.126126
2021-12-16,1.129076
2021-12-17,1.133414
2021-12-20,1.124354
2021-12-21,1.127752
2021-12-22,1.128757
2021-12-23,1.132888
2021-12-24,1.132734
2021-12-27,1.132426
2021-12-28,1.133003
2021-12-29,1.131478
2021-12-30,1.136015
2021-12-31,1.132503
2022-01-03,1.137346
2022-01-04,1.130224
2022-01-05,1.128363
2022-01-06,1.13135
2022-01-07,1.129688
2022-01-10,1.135396
2022-01-11,1.133042
2022-01-12,1.136648
2022-01-13,1.144165
2022-01-14,1.145712
2022-01-17,1.14107
2022-01-18,1.141057
2022-01-19,1.132965
2022-01-20,1.13434
2022-01-21,1.131375
2022-01-24,1.134147
2022-01-25,1.132413
2022-01-26,1.130454
2022-01-27,1.124354
2022-01-28,1.114703
2022-01-31,1.115237
2022-02-01,1.122965
2022-02-02,1.127396
2022-02-03,1.129995
2022-02-04,1.143576
2022-02-07,1.145515
2022-02-08,1.144296
2022-02-09,1.142126
2022-02-10,1.142152
2022-02-11,1.141553
2022-02-14,1.136506
2022-02-15,1.130633
2022-02-16,1.13568
2022-02-17,1.137527
2022-02-18,1.136648
2022-02-21,1.131721
2022-02-22,1.130966
2022-02-23,1.132913
2022-02-24,1.130569
2022-02-25,1.119069
2022-02-28,1.118105
2022-03-01,1.121592
2022-03-02,1.113276
2022-03-03,1.111235
2022-03-04,1.106684
2022-03-07,1.087453
2022-03-08,1.086531
2022-03-09,1.089823
2022-03-10,1.107383
2022-03-11,1.101394
2022-03-14,1.093207
2022-03-15,1.094319
2022-03-16,1.096936
2022-03-17,1.102196
2022-03-18,1.109952
2022-03-21,1.104313
2022-03-22,1.101722
2022-03-23,1.102974
2022-03-24,1.100631
2022-03-25,1.100958
2022-03-28,1.098189
2022-03-29,1.099384
2022-03-30,1.109152
2022-03-31,1.116184
2022-04-01,1.107236
2022-04-04,1.104728
2022-04-05,1.097586
2022-04-06,1.090643
2022-04-07,1.089823
2022-04-08,1.086484
2022-04-11,1.088495
2022-04-12,1.087796
2022-04-13,1.082614
2022-04-14,1.089657
2022-04-15,1.082099
2022-04-18,1.081525
2022-04-19,1.078179
2022-04-20,1.079447
2022-04-21,1.084987
2022-04-22,1.083518
2022-04-25,1.081105
2022-04-26,1.071421
2022-04-27,1.064362
2022-04-28,1.055509
2022-04-29,1.05042
2022-05-02,1.053596
2022-05-03,1.050906
2022-05-04,1.052853
2022-05-05,1.062248
2022-05-06,1.053974
2022-05-09,1.053219
2022-05-10,1.05658
2022-05-11,1.053297
2022-05-12,1.051248
2022-05-13,1.037958
2022-05-16,1.040063
2022-05-17,1.043896
2022-05-18,1.054786
2022-05-19,1.047274
2022-05-20,1.057899
2022-05-23,1.056982
2022-05-24,1.068205
2022-05-25,1.073653
2022-05-26,1.068661
2022-05-27,1.073295
2022-05-30,1.073146
2022-05-31,1.077354
2022-06-01,1.073411
2022-06-02,1.065417
2022-06-03,1.075107
2022-06-06,1.072605
2022-06-07,1.069141
2022-06-08,1.069862
2022-06-09,1.071765
2022-06-10,1.061921
2022-06-13,1.048999
2022-06-14,1.041515
2022-06-15,1.044059
2022-06-16,1.04562
2022-06-17,1.054685
2022-06-20,1.049142
2022-06-21,1.052078
2022-06-22,1.053264
2022-06-23,1.056412
2022-06-24,1.052011
2022-06-27,1.056613
2022-06-28,1.058089
2022-06-29,1.052355
2022-06-30,1.044659
2022-07-01,1.047768
2022-07-04,1.043395
2022-07-05,1.043319
2022-07-06,1.025767
2022-07-07,1.018641
2022-07-08,1.016984
2022-07-11,1.016611
2022-07-12,1.004753
2022-07-13,1.003311
2022-07-14,1.003271
2022-07-15,1.002567
2022-07-18,1.009632
2022-07-19,1.014518
2022-07-20,1.023133
2022-07-21,1.018278
2022-07-22,1.022108
2022-07-25,1.020023
2022-07-26,1.022495
2022-07-27,1.012956
2022-07-28,1.020929
2022-07-29,1.019233
2022-08-01,1.020825
2022-08-02,1.026136
2022-08-03,1.015569
2022-08-04,1.015765
2022-08-05,1.024779
2022-08-08,1.017087
2022-08-09,1.019763
2022-08-10,1.020814
2022-08-11,1.030078
2022-08-12,1.031672
2022-08-15,1.025641
2022-08-16,1.016198
2022-08-17,1.017066
2022-08-18,1.018019
2022-08-19,1.00899
2022-08-22,1.003522
2022-08-23,0.993947
2022-08-24,0.996691
2022-08-25,0.99691
2022-08-26,0.997128
2022-08-29,0.993868
2022-08-30,1.001402
2022-08-31,1.002506
2022-09-01,1.003905
2022-09-02,0.995233
2022-09-05,0.990943
2022-09-06,0.995223
2022-09-07,0.989795
2022-09-08,0.99957
2022-09-09,1.001202
2022-09-12,1.007141
2022-09-13,1.012956
2022-09-14,0.998203
2022-09-15,0.998403
2022-09-16,0.998831
2022-09-19,1.002235
2022-09-20,1.002959
2022-09-21,0.997079
2022-09-22,0.983072
2022-09-23,0.984155
2022-09-26,0.968992
2022-09-27,0.962371
2022-09-28,0.959619
2022-09-29,0.970817
2022-09-30,0.982956
2022-10-03,0.979269
2022-10-04,0.983207
2022-10-05,0.998432
2022-10-06,0.9911
2022-10-07,0.978905
2022-10-10,0.973501
2022-10-11,0.971006
2022-10-12,0.970017
2022-10-13,0.970798
2022-10-14,0.975134
2022-10-17,0.973937
2022-10-18,0.98464
2022-10-19,0.986388
2022-10-20,0.976648
2022-10-21,0.97789
2022-10-24,0.986009
2022-10-25,0.98865
2022-10-26,0.996373
2022-10-27,1.009194
2022-10-28,0.99678
2022-10-31,0.9955
2022-11-01,0.988631
2022-11-02,0.987791
2022-11-03,0.981441
2022-11-04,0.974963
2022-11-07,0.992881
2022-11-08,1.001863
2022-11-09,1.008085
2022-11-10,1.001954
2022-11-11,1.019222
2022-11-14,1.032855
2022-11-15,1.031928
2022-11-16,1.035786
2022-11-17,1.039501
2022-11-18,1.036173
2022-11-21,1.03309
2022-11-22,1.024569
2022-11-23,1.031109
2022-11-24,1.041623
2022-11-25,1.04081
2022-11-28,1.036753
2022-11-29,1.034554
2022-11-30,1.03245
2022-12-01,1.042535
2022-12-02,1.052842
2022-12-05,1.054419
2022-12-06,1.049692
2022-12-07,1.046901
2022-12-08,1.051326
2022-12-09,1.055966
2022-12-12,1.052222
2022-12-13,1.054174
2022-12-14,1.062665
2022-12-15,1.067635
2022-12-16,1.064056
2022-12-19,1.058504
2022-12-20,1.061458
2022-12-21,1.062699
2022-12-22,1.061008
2022-12-23,1.060333
2022-12-26,1.06678
2022-12-27,1.064022
2022-12-28,1.063717
2022-12-29,1.062925
2022-12-30,1.066075
2023-01-02,1.070973
2023-01-03,1.067771
2023-01-04,1.054685
2023-01-05,1.060637
2023-01-06,1.052222
2023-01-09,1.065632
2023-01-10,1.073318
2023-01-11,1.073895
2023-01-12,1.0766
2023-01-13,1.086024
2023-01-16,1.082462
2023-01-17,1.083013
2023-01-18,1.079331
2023-01-19,1.079785
2023-01-20,1.083388
2023-01-23,1.086508
2023-01-24,1.087429
2023-01-25,1.088815
2023-01-26,1.092204
2023-01-27,1.089443
2023-01-30,1.087146
2023-01-31,1.085069
2023-02-01,1.086095
2023-02-02,1.101285
2023-02-03,1.090513
2023-02-06,1.079086
2023-02-07,1.073076
2023-02-08,1.072973
2023-02-09,1.071582
2023-02-10,1.074229
2023-02-13,1.067771
2023-02-14,1.073042
2023-02-15,1.073572
2023-02-16,1.069176
2023-02-17,1.066576
2023-02-20,1.068444
2023-02-21,1.068262
2023-02-22,1.065201
2023-02-23,1.06058
2023-02-24,1.059805
2023-02-27,1.055476
2023-02-28,1.061121
2023-03-01,1.057731
2023-03-02,1.066894
2023-03-03,1.059973
2023-03-06,1.06262
2023-03-07,1.068833
2023-03-08,1.055075
2023-03-09,1.054953
2023-03-10,1.05847
2023-03-13,1.068365
2023-03-14,1.072501
2023-03-15,1.072766
2023-03-16,1.058335
2023-03-17,1.061413
2023-03-20,1.067886
2023-03-21,1.071915
2023-03-22,1.077424
2023-03-23,1.087039
2023-03-24,1.083506
2023-03-27,1.077819
2023-03-28,1.080707
2023-03-29,1.083952
2023-03-30,1.084363
2023-03-31,1.090465
2023-04-03,1.080334
2023-04-04,1.091227
2023-04-05,1.096011
2023-04-06,1.090334
2023-04-07,1.092013
2023-04-10,1.091358
2023-04-11,1.086933
2023-04-12,1.091751
2023-04-13,1.099989
2023-04-14,1.105461
2023-04-17,1.09866
2023-04-18,1.092538
2023-04-19,1.097538
2023-04-20,1.095218
2023-04-21,1.097093
2023-04-24,1.099227
2023-04-25,1.10595
2023-04-26,1.097839
2023-04-27,1.104728
2023-04-28,1.103205
2023-05-01,1.101091
2023-05-02,1.096924
2023-05-03,1.101091
2023-05-04,1.106893
2023-05-05,1.102293
2023-05-08,1.101868
2023-05-09,1.099614
2023-05-10,1.096467
2023-05-11,1.098406
2023-05-12,1.091215
2023-05-15,1.08527
2023-05-16,1.08737
2023-05-17,1.086567
2023-05-18,1.083835
2023-05-19,1.07754
2023-05-22,1.082275
2023-05-23,1.081105
2023-05-24,1.076971
2023-05-25,1.075732
2023-05-26,1.072444
2023-05-29,1.072306
2023-05-30,1.070767
2023-05-31,1.073307
2023-06-01,1.069519
2023-06-02,1.076079
2023-06-05,1.069862
2023-06-06,1.07118
2023-06-07,1.069805
2023-06-08,1.070744
2023-06-09,1.078272
2023-06-12,1.075095
2023-06-13,1.076299
2023-06-14,1.078935
2023-06-15,1.084305
2023-06-16,1.094595
2023-06-19,1.094212
2023-06-20,1.09243
2023-06-21,1.092037
2023-06-22,1.099264
2023-06-23,1.09589
2023-06-26,1.090667
2023-06-27,1.091048
2023-06-28,1.095722
2023-06-29,1.091584
2023-06-30,1.086803
2023-07-03,1.09075
2023-07-04,1.09131
2023-07-05,1.088495
2023-07-06,1.085658
2023-07-07,1.089064
2023-07-10,1.096972
2023-07-11,1.100594
2023-07-12,1.101406
2023-07-13,1.114455
2023-07-14,1.122347
2023-07-17,1.122776
2023-07-18,1.12376
2023-07-19,1.122889
2023-07-20,1.120523
2023-07-21,1.11371
2023-07-24,1.112533
2023-07-25,1.106317
2023-07-26,1.105046
2023-07-27,1.107837
2023-07-28,1.097876
2023-07-31,1.102426
2023-08-01,1.099759
2023-08-02,1.100788
2023-08-03,1.094415
2023-08-04,1.095158
2023-08-07,1.100267
2023-08-08,1.100316
2023-08-09,1.09589
2023-08-10,1.097767
2023-08-11,1.098165
2023-08-14,1.094439
2023-08-15,1.090988
2023-08-16,1.090417
2023-08-17,1.087488
2023-08-18,1.087465
2023-08-21,1.087559
2023-08-22,1.089835
2023-08-23,1.084669
2023-08-24,1.086579
2023-08-25,1.079914
2023-08-28,1.079739
2023-08-29,1.082556
2023-08-30,1.086921
2023-08-31,1.093255
2023-09-01,1.08441
2023-09-04,1.077586
2023-09-05,1.079447
2023-09-06,1.072616
2023-09-07,1.07242
2023-09-08,1.069782
2023-09-11,1.071811
2023-09-12,1.075038
2023-09-13,1.075327
2023-09-14,1.073422
2023-09-15,1.063717
2023-09-18,1.066826
2023-09-19,1.069267
2023-09-20,1.068205
2023-09-21,1.065303
2023-09-22,1.066155
2023-09-25,1.064849
2023-09-26,1.059165
2023-09-27,1.056948
2023-09-28,1.050531
2023-09-29,1.056245
2023-10-02,1.056524
2023-10-03,1.048075
2023-10-04,1.04723
2023-10-05,1.050707
2023-10-06,1.054663
2023-10-09,1.056747
2023-10-10,1.057888
2023-10-11,1.060479
2023-10-12,1.062428
2023-10-13,1.053674
2023-10-16,1.052155
2023-10-17,1.055431
2023-10-18,1.057306
2023-10-19,1.053852
2023-10-20,1.058649
2023-10-23,1.058997
2023-10-24,1.066985
2023-10-25,1.059535
2023-10-26,1.056725
2023-10-27,1.056446
2023-10-30,1.056245
2023-10-31,1.061504
2023-11-01,1.05791
2023-11-02,1.058705
2023-11-03,1.061909
2023-11-06,1.073215
2023-11-07,1.072156
2023-11-08,1.06961
2023-11-09,1.071042
2023-11-10,1.066758
2023-11-13,1.069016
2023-11-14,1.070183
2023-11-15,1.087831
2023-11-16,1.085458
2023-11-17,1.085376
2023-11-20,1.090703
2023-11-21,1.094595
2023-11-22,1.091822
2023-11-23,1.089087
2023-11-24,1.090631
2023-11-27,1.094044
2023-11-28,1.095842
2023-11-29,1.100594
2023-11-30,1.09737
2023-12-01,1.089206
2023-12-04,1.088815
2023-12-05,1.083776
2023-12-06,1.079366
2023-12-07,1.07667
2023-12-08,1.079214
2023-12-11,1.076577
2023-12-12,1.076658
2023-12-13,1.079867
2023-12-14,1.088613
2023-12-15,1.09936
2023-12-18,1.089526
2023-12-19,1.092383
2023-12-20,1.098105
2023-12-21,1.094571
2023-12-22,1.100619
2023-12-25,1.102657
2023-12-26,1.102026
2023-12-27,1.104301
2023-12-28,1.110864
2023-12-29,1.106819
2024-01-01,1.105583
2024-01-02,1.103875
2024-01-03,1.094176
2024-01-04,1.092777
2024-01-05,1.094739
2024-01-08,1.094224
2024-01-09,1.09517
2024-01-10,1.093243
2024-01-11,1.097514
2024-01-12,1.098165
2024-01-15,1.094571
2024-01-16,1.094571
2024-01-17,1.087879
2024-01-18,1.088578
2024-01-19,1.087914
2024-01-22,1.08923
2024-01-23,1.088021
2024-01-24,1.085788
2024-01-25,1.088175
2024-01-26,1.084705
2024-01-29,1.084352
2024-01-30,1.083447
2024-01-31,1.08434
2024-02-01,1.080392
2024-02-02,1.087465
2024-02-05,1.078004
2024-02-06,1.074183
2024-02-07,1.07572
2024-02-08,1.077575
2024-02-09,1.077726
2024-02-12,1.07982
2024-02-13,1.077226
2024-02-14,1.070893
2024-02-15,1.073215
2024-02-16,1.077389
2024-02-19,1.078493
2024-02-20,1.07754
2024-02-21,1.081315
2024-02-22,1.08204
2024-02-23,1.082567
2024-02-26,1.082005
2024-02-27,1.085093
2024-02-28,1.084481
2024-02-29,1.083882
2024-03-01,1.080497
2024-03-04,1.084269
2024-03-05,1.085517
2024-03-06,1.0856
2024-03-07,1.089954
2024-03-08,1.095014
2024-03-11,1.094296
2024-03-12,1.093135
2024-03-13,1.092777
2024-03-14,1.09553
2024-03-15,1.088341
2024-03-18,1.088258
2024-03-19,1.087394
2024-03-20,1.086331
2024-03-21,1.093721
2024-03-22,1.086236
2024-03-25,1.080754
2024-03-26,1.083823
2024-03-27,1.083236
2024-03-28,1.081338
2024-03-29,1.079447
2024-04-01,1.079273
2024-04-02,1.073722
2024-04-03,1.076855
2024-04-04,1.083835
2024-04-05,1.083705
2024-04-08,1.083048
2024-04-09,1.086366
2024-04-10,1.08593
2024-04-11,1.074172
2024-04-12,1.072685
2024-04-15,1.064963
2024-04-16,1.062575
2024-04-17,1.062146
2024-04-18,1.06694
2024-04-19,1.064419
2024-04-22,1.065825
2024-04-23,1.065405
2024-04-24,1.070435
2024-04-25,1.069988
2024-04-26,1.072961
2024-04-29,1.070687
2024-04-30,1.07157
2024-05-01,1.066655
2024-05-02,1.072156
2024-05-03,1.073307
2024-05-06,1.075812
2024-05-07,1.076751
2024-05-08,1.075049
2024-05-09,1.074691
2024-05-10,1.078516
2024-05-13,1.077041
2024-05-14,1.079354
2024-05-15,1.081455
2024-05-16,1.088981
2024-05-17,1.086779
2024-05-20,1.087548
2024-05-21,1.086083
2024-05-22,1.085517
2024-05-23,1.08252
2024-05-24,1.081268
2024-05-27,1.084763
2024-05-28,1.086189
2024-05-29,1.085187
2024-05-30,1.080182
2024-05-31,1.083541
2024-06-03,1.085305
2024-06-04,1.090739
2024-06-05,1.088187
2024-06-06,1.087453
2024-06-07,1.089443
2024-06-10,1.077888
2024-06-11,1.076426
2024-06-12,1.074033
2024-06-13,1.081315
2024-06-14,1.073883
2024-06-17,1.070217
2024-06-18,1.074068
2024-06-19,1.074229
2024-06-20,1.075153
2024-06-21,1.070641
2024-06-24,1.068776
2024-06-25,1.073272
2024-06-26,1.070962
2024-06-27,1.068011
2024-06-28,1.070847
2024-07-01,1.073526
2024-07-02,1.07371
2024-07-03,1.074841
2024-07-04,1.079331
2024-07-05,1.081069
2024-07-08,1.082603
2024-07-09,1.083095
2024-07-10,1.081479
2024-07-11,1.08333
2024-07-12,1.087276
2024-07-15,1.088554
2024-07-16,1.090156
2024-07-17,1.090251
2024-07-18,1.09402
2024-07-19,1.090156
2024-07-22,1.089918
2024-07-23,1.088981
2024-07-24,1.085069
2024-07-25,1.083952
2024-07-26,1.085128
2024-07-29,1.085376
2024-07-30,1.081947
2024-07-31,1.081607
2024-08-01,1.082392
2024-08-02,1.07876
2024-08-05,1.091084
2024-08-06,1.095098
2024-08-07,1.092622
2024-08-08,1.092813
2024-08-09,1.091572
2024-08-12,1.091381
2024-08-13,1.093625
2024-08-14,1.099699
2024-08-15,1.101322
2024-08-16,1.097273
2024-08-19,1.102499
2024-08-20,1.108647
2024-08-21,1.112793
2024-08-22,1.115536
2024-08-23,1.111716
2024-08-26,1.118793
2024-08-27,1.11647
2024-08-28,1.117793
2024-08-29,1.112496
2024-08-30,1.108045
2024-09-02,1.104484
2024-09-03,1.106746
2024-09-04,1.104887
2024-09-05,1.108045
2024-09-06,1.111111
2024-09-09,1.108721
2024-09-10,1.103753
2024-09-11,1.102098
2024-09-12,1.101091
2024-09-13,1.107788
2024-09-16,1.108844
2024-09-17,1.112954
2024-09-18,1.11231
2024-09-19,1.111482
2024-09-20,1.116196
2024-09-23,1.116084
2024-09-24,1.111173
2024-09-25,1.119119
2024-09-26,1.113102
2024-09-27,1.117718
2024-09-30,1.116982
2024-10-01,1.11366
2024-10-02,1.10639
2024-10-03,1.10485
2024-10-04,1.103558
2024-10-07,1.097454
2024-10-08,1.097574
2024-10-09,1.097574
2024-10-10,1.094331
2024-10-11,1.093386
2024-10-14,1.092538
2024-10-15,1.090917
2024-10-16,1.088412
2024-10-17,1.086248
2024-10-18,1.082954
2024-10-21,1.086862
2024-10-22,1.081783
2024-10-23,1.079727
2024-10-24,1.078051
2024-10-25,1.082415
2024-10-28,1.079657
2024-10-29,1.081677
2024-10-30,1.082064
2024-10-31,1.085918
2024-11-01,1.088613
2024-11-04,1.087453
2024-11-05,1.087406
2024-11-06,1.093446
2024-11-07,1.073307
2024-11-08,1.079517
2024-11-11,1.07149
2024-11-12,1.066439
2024-11-13,1.061673
2024-11-14,1.056412
2024-11-15,1.053008
2024-11-18,1.053375
2024-11-19,1.05949
2024-11-20,1.06076
2024-11-21,1.054619
2024-11-22,1.046934
2024-11-25,1.047987
2024-11-26,1.04443
2024-11-27,1.04912
2024-11-28,1.056245
2024-11-29,1.056301
2024-12-02,1.054507
2024-12-03,1.050122
2024-12-04,1.051083
2024-12-05,1.051414
2024-12-06,1.05856
2024-12-09,1.056546
2024-12-10,1.05552
2024-12-11,1.053297
2024-12-12,1.050685
2024-12-13,1.047406
2024-12-16,1.051005
2024-12-17,1.051735
2024-12-18,1.049505
2024-12-19,1.035025
2024-12-20,1.036495
2024-12-23,1.043308
2024-12-24,1.040583
2024-12-25,1.040258
2024-12-26,1.039955
2024-12-27,1.042318
2024-12-30,1.042938
2024-12-31,1.040615
2025-01-02,1.035186
2025-01-03,1.026821
2025-01-06,1.030535
2025-01-07,1.038637
2025-01-08,1.034554
2025-01-09,1.03147
2025-01-10,1.02976
2025-01-13,1.024443
2025-01-14,1.026525
2025-01-15,1.030684
2025-01-16,1.029527
2025-01-17,1.030195
2025-01-20,1.027739
2025-01-21,1.042068
2025-01-22,1.040594
2025-01-23,1.041016
2025-01-24,1.041602
2025-01-27,1.046759
2025-01-28,1.044506
2025-01-29,1.042905
2025-01-30,1.042525
2025-01-31,1.039728
2025-02-03,1.024779
2025-02-04,1.032738
2025-02-05,1.03728
2025-02-06,1.040085
2025-02-07,1.038573
2025-02-10,1.031162
2025-02-11,1.030153
2025-02-12,1.036495
2025-02-13,1.039199
2025-02-14,1.046167
2025-02-17,1.048922
2025-02-18,1.048537
2025-02-19,1.044834
2025-02-20,1.042101
2025-02-21,1.050056
2025-02-24,1.047482
2025-02-25,1.046134
2025-02-26,1.05241
2025-02-27,1.048878
2025-02-28,1.039512
2025-03-03,1.041385
2025-03-04,1.048504
2025-03-05,1.062699
2025-03-06,1.079494
2025-03-07,1.078795
2025-03-10,1.086059
2025-03-11,1.08394
2025-03-12,1.091417
2025-03-13,1.088625
2025-03-14,1.085564
2025-03-17,1.088127
2025-03-18,1.091918
2025-03-19,1.093948
2025-03-20,1.091191
2025-03-21,1.08567
2025-03-24,1.083576
2025-03-25,1.080357
2025-03-26,1.078749
2025-03-27,1.074206
2025-03-28,1.0801
2025-03-31,1.082392
2025-04-01,1.081888
2025-04-02,1.079599
2025-04-03,1.090869
2025-04-04,1.104374
2025-04-07,1.098454
2025-04-08,1.091536
2025-04-09,1.098044
2025-04-10,1.095206
2025-04-11,1.125784
2025-04-14,1.134314
2025-04-15,1.133967
2025-04-16,1.129267
2025-04-17,1.139679
2025-04-22,1.151278
2025-04-23,1.135125
2025-04-24,1.132734
2025-04-25,1.137191
2025-04-28,1.134314
2025-04-29,1.140914
2025-04-30,1.138926
2025-05-01,1.13249
2025-05-02,1.12965
2025-05-05,1.132323
2025-05-06,1.131337
2025-05-07,1.134276
2025-05-08,1.130621
2025-05-09,1.122423
2025-05-12,1.122965
2025-05-13,1.109558
2025-05-14,1.118556
2025-05-15,1.118193
2025-05-16,1.119269
2025-05-19,1.118756
2025-05-20,1.123343
2025-05-21,1.128796
2025-05-22,1.133119
2025-05-23,1.128184
2025-05-26,1.137281
2025-05-27,1.138848
2025-05-28,1.13371
2025-05-29,1.123368
2025-05-30,1.137838
2025-06-02,1.135332
2025-06-03,1.145344
2025-06-04,1.138446
2025-06-05,1.142204
2025-06-06,1.145383
2025-06-09,1.140784
2025-06-10,1.142805
2025-06-11,1.143746
2025-06-12,1.150933
2025-06-13,1.160025
2025-06-16,1.155668
2025-06-17,1.155135
2025-06-18,1.148264
2025-06-19,1.14775
2025-06-20,1.151278
2025-06-23,1.150086
2025-06-24,1.159904
2025-06-25,1.161224
2025-06-26,1.168374
2025-06-27,1.169221
2025-06-30,1.172745
2025-07-01,1.178717
2025-07-02,1.180554
2025-07-03,1.180025
2025-07-04,1.177149
2025-07-07,1.178078
2025-07-08,1.173654
2025-07-09,1.172457
2025-07-10,1.173117
2025-07-11,1.170275
2025-07-14,1.168211
2025-07-15,1.16663
2025-07-16,1.160739
2025-07-17,1.163575
2025-07-18,1.161548
2025-07-21,1.163075
2025-07-22,1.169454
2025-07-23,1.173916
2025-07-24,1.177426
2025-07-25,1.175613
2025-07-28,1.175682
2025-07-29,1.159676
2025-07-30,1.155095
2025-07-31,1.142936
2025-08-01,1.142374
2025-08-04,1.158668
2025-08-05,1.158413
2025-08-06,1.157917
2025-08-07,1.166317
2025-08-08,1.167665
2025-08-11,1.164795
2025-08-12,1.161845
2025-08-13,1.167706
2025-08-14,1.171289
2025-08-15,1.165135
2025-08-18,1.170659
2025-08-19,1.166834
2025-08-20,1.164253
2025-08-21,1.165175
2025-08-22,1.161305
2025-08-25,1.17096
2025-08-26,1.161845
2025-08-27,1.163941
2025-08-28,1.164795
2025-08-29,1.168156
2025-09-01,1.16918
2025-09-02,1.171591
2025-09-03,1.163603
2025-09-04,1.166045
2025-09-05,1.165691
2025-09-08,1.171317
2025-09-09,1.176914
2025-09-10,1.170275
2025-09-11,1.170344
2025-09-12,1.173475
2025-09-15,1.172649
2025-09-16,1.176374
2025-09-17,1.187141
2025-09-18,1.182634
2025-09-19,1.179106
2025-09-22,1.173695
2025-09-23,1.180108
2025-09-24,1.181447
2025-09-25,1.174467
2025-09-26,1.166276
2025-09-29,1.170823
2025-09-30,1.173144
2025-10-01,1.173585
2025-10-02,1.173406
2025-10-03,1.172512
2025-10-06,1.171248
2025-10-07,1.171029
2025-10-08,1.16546
2025-10-09,1.163196
2025-10-10,1.156644
2025-10-13,1.160241
2025-10-14,1.156685
2025-10-15,1.160227
2025-10-16,1.164632
2025-10-17,1.16996
2025-10-20,1.165746
2025-10-21,1.164443
2025-10-22,1.160039
2025-10-23,1.160847
2025-10-24,1.161805
2025-10-27,1.163169
2025-10-28,1.165175
2025-10-29,1.165787
2025-10-30,1.160335
2025-10-31,1.157247
2025-11-03,1.152804
2025-11-04,1.151914
2025-11-05,1.148554
2025-11-06,1.149676
2025-11-07,1.154921
2025-11-10,1.154388
2025-11-11,1.155722
2025-11-12,1.158749
2025-11-13,1.159219
2025-11-14,1.163196
2025-11-17,1.161535
2025-11-18,1.159057
2025-11-19,1.158118
2025-11-20,1.154068
2025-11-21,1.153456
2025-11-24,1.150761
2025-11-25,1.152007
2025-11-26,1.156484
2025-11-27,1.160214
2025-11-28,1.159985
2025-12-01,1.160147
2025-12-02,1.160766
2025-12-03,1.162791
2025-12-04,1.166684
2025-12-05,1.16428
2025-12-08,1.164022
2025-12-09,1.164144
2025-12-10,1.162831
2025-12-11,1.170124
2025-12-12,1.173943
2025-12-15,1.173764
2025-12-16,1.175461
2025-12-17,1.17495
2025-12-18,1.174233
2025-12-19,1.172567
2025-12-22,1.170809
2025-12-23,1.176595
2025-12-24,1.179551
2025-12-26,1.178536
2025-12-29,1.177274
2025-12-30,1.177288
2025-12-31,1.174729
2026-01-02,1.175047
2026-01-05,1.170467
2026-01-06,1.171495
2026-01-07,1.168825
2026-01-08,1.167679
2026-01-09,1.165787
2026-01-12,1.162372
2026-01-13,1.166698
2026-01-14,1.164253
2026-01-15,1.164632
2026-01-16,1.160901
2026-01-19,1.162493
2026-01-20,1.163914
2026-01-21,1.172787
2026-01-22,1.167297
2026-01-23,1.175461
2026-01-26,1.185846
2026-01-27,1.187648
2026-01-28,1.201764
2026-01-29,1.197777
2026-01-30,1.196573
2026-02-02,1.184918
2026-02-03,1.179871
2026-02-04,1.181614
2026-02-05,1.180164
2026-02-06,1.177787
2026-02-09,1.182578
2026-02-10,1.190405
2026-02-11,1.188962
2026-02-12,1.187606
2026-02-13,1.186845
2026-02-16,1.186746
2026-02-17,1.184988
2026-02-18,1.185185
2026-02-19,1.178884
2026-02-20,1.176914
2026-02-23,1.183474
2026-02-24,1.179384
2026-02-25,1.177523
2026-02-26,1.181516
2026-02-27,1.180303
2026-03-02,1.175945
2026-03-03,1.169727
2026-03-04,1.161224
2026-03-05,1.163562
2026-03-06,1.160807
2026-03-09,1.152326
2026-03-10,1.161723
2026-03-11,1.16113
2026-03-12,1.154321
2026-03-13,1.152167
2026-03-16,1.143511
2026-03-17,1.149954
2026-03-18,1.153948
2026-03-19,1.146447
2026-03-20,1.157756
2026-03-23,1.156016
2026-03-24,1.160712
2026-03-25,1.161467
2026-03-26,1.15615
2026-03-27,1.153509
2026-03-30,1.149201
2026-03-31,1.146
2026-04-01,1.157421
2026-04-02,1.159057
2026-04-03,1.154175
2026-04-06,1.151
2026-04-07,1.154121
2026-04-08,1.168661
2026-04-09,1.165936
2026-04-10,1.169126
2026-04-13,1.167515
2026-04-14,1.176886
2026-04-15,1.179941
2026-04-16,1.180916
2026-04-17,1.178273
2026-04-20,1.174122
2026-04-21,1.178439
2026-04-22,1.174426
2026-04-23,1.170604
2026-04-24,1.168388
2026-04-27,1.170645
2026-04-28,1.172347
2026-04-29,1.171783
2026-04-30,1.16847
2026-05-01,1.17291
2026-05-04,1.172663
2026-05-05,1.169194
2026-05-06,1.171577
2026-05-07,1.174743
2026-05-08,1.173158
2026-05-11,1.176886
2026-05-12,1.177995
2026-05-13,1.173544
2026-05-14,1.171605
2026-05-15,1.166208
2026-05-18,1.16144
2026-05-19,1.165515
2026-05-20,1.160712
2026-05-21,1.162534
2026-05-22,1.162115
2026-05-25,1.164226
2026-05-26,1.163738
2026-05-27,1.163684
2026-05-28,1.161791
2026-05-29,1.165284
2026-06-01,1.16489
2026-06-02,1.163548
2026-06-03,1.16221
2026-06-04,1.160941
2026-06-05,1.161265
2026-06-08,1.15226
2026-06-09,1.152844
2026-06-10,1.153536
2026-06-11,1.153562
2026-06-12,1.157595
2026-06-15,1.160308
2026-06-16,1.15942
2026-06-17,1.160995
2026-06-18,1.150735
2026-06-19,1.145856
2026-06-22,1.146276
2026-06-23,1.142714
2026-06-24,1.137954
2026-06-25,1.135422
2026-06-26,1.13617
2026-06-29,1.138563
2026-06-30,1.142204
2026-07-01,1.141331
2026-07-02,1.137799
2026-07-03,1.14227
2026-07-06,1.143772
2026-07-07,1.144178
2026-07-08,1.140381
2026-07-09,1.142204
2026-07-10,1.143341
2026-07-13,1.140446
2026-07-14,1.138433
2026-07-15,1.142465
2026-07-16,1.147026
2026-07-17,1.144466
2026-07-20,1.142766
2026-07-21,1.141813
2026-07-22,1.140381
2026-07-23,1.141175
2026-07-24,1.137682
2026-07-27,1.139497
2026-07-28,1.136945
2026-07-29,1.138654
2026-07-30,1.146723
2026-07-31,1.152353
2026-08-03,1.154401
2026-08-04,1.150735
2026-08-05,1.153243
2026-08-06,1.155735
2026-08-07,1.152472
2026-08-10,1.155642
2026-08-11,1.154641
2026-08-12,1.154374
2026-08-13,1.153004
2026-08-14,1.153536
2026-08-17,1.157394
2026-08-18,1.158279
2026-08-19,1.157943
2026-08-20,1.167379
2026-08-21,1.168784
2026-08-24,1.168156
2026-08-25,1.166834
2026-08-26,1.167474
2026-08-27,1.165488
2026-08-28,1.165637
2026-08-31,1.158896
2026-09-01,1.161764
2026-09-02,1.159555
2026-09-03,1.158534
2026-09-04,1.162831
2026-09-07,1.1614
2026-09-08,1.162764
2026-09-09,1.162737
2026-09-10,1.163386
2026-09-11,1.160995
2026-09-14,1.159393
2026-09-15,1.154854
2026-09-16,1.153762
2026-09-17,1.146986
2026-09-18,1.147605
2026-09-21,1.147974
2026-09-22,1.14646
2026-09-23,1.144794
2026-09-24,1.138187
2026-09-25,1.137475
2026-09-28,1.137799
2026-09-29,1.137268
2026-09-30,1.134083
2026-10-01,1.132721
2026-10-02,1.124986
2026-10-05,1.125454
2026-10-06,1.121705
2026-10-07,1.125353
2026-10-08,1.120134
